%YAML:1.0
---
model_type: PINHOLE
camera_name: narrow_stereo
image_width: 1280
image_height: 1024
distortion_parameters:
   k1: -0.136957
   k2: 0.091370
   p1: -0.002436
   p2: -0.004817
projection_parameters:
   fx: 669.05664
   fy: 670.66473
   cx: 602.6132
   cy: 508.31143
